SSDA Sea & Sun Technology's Standard Data Acquisition software package rev. 228_q_Max2 09.02.2021
C:\PROGRAMS\_WORK\_SST_SDA\CONFIG\CTM1253_3ND.SPJ
5 Íîÿáðü 2024 ã. 16:33:28
                                                                              
                                                                              
                                                                              
                                                                              
                                                                              
                                                                              
                                                                              
                                                                              
                                                                              
                                                                              
                                                                              
                                                                              
StandardDataAcquisition SDA (C)opyright by T. Finger 1999-2021

001 CTM1253 001  N  SerNo   No. -1.01000000000E+0004  5.00000000000E-0001  0.00000000000E+0000  0.00000000000E+0000  0.00000000000E+0000  0.00000000000E+0000 
001 CTM1253 002  N  Vbatt     V -7.58318000000E-0003  1.94091000000E-0005  0.00000000000E+0000  0.00000000000E+0000  0.00000000000E+0000  0.00000000000E+0000 
001 CTM1253 003  N  Press  dBar -1.00342000000E+0003  6.13244000000E-0002  0.00000000000E+0000  0.00000000000E+0000  0.00000000000E+0000  0.00000000000E+0000 
001 CTM1253 004  N   Temp    °C -5.01083000000E+0000  4.29225000000E-0005  0.00000000000E+0000  0.00000000000E+0000  0.00000000000E+0000  0.00000000000E+0000 
001 CTM1253 005  N   Cond mS/cm -1.16597000000E-0002  7.43220000000E-0005  9.62480000000E-0013 -4.63285000000E-0019  0.00000000000E+0000  0.00000000000E+0000 
001 CTM1253 006 VO4 rawO2   hPa  0.00000000000E+0000  1.00000000000E-0003  1.01325000000E+0003  0.00000000000E+0000  7.19000000000E+0000  9.79081493497E-0001 
001 CTM1253 007  N   Tint    °C  0.00000000000E+0000  1.00000000000E-0003  0.00000000000E+0000  0.00000000000E+0000  0.00000000000E+0000  0.00000000000E+0000 

D:\Work\Ðàáî÷èé ñòîë\2024.11.05\IB051630_11.SRD
Lines :        548
;
; Datasets     Tint      Press      Press     Temp    Salin      sat    DO_mg    Sigma 
;            [   °C]    [ dBar]    [ dBar]  [   °C]  [  PSU]  [    %]  [ mg/l]  [kg/m3]
;
          1     9.85 00:43:26.446    -0.03    8.593    0.101    98.39    11.46   -0.108
          2     9.85 00:44:51.982     0.03    8.666    0.853    98.39    11.38    0.481
          3     9.85 00:44:51.982     0.03    8.856    2.467    94.75    10.80    1.736
          4     9.85 00:44:51.982     0.03    8.986    3.557    94.76    10.69    2.579
          5     9.85 02:13:10.410     0.09    9.050    3.816    91.18    10.26    2.777
          6     9.85 00:43:26.446    -0.03    9.077    3.878    88.12     9.90    2.823
          7     9.85 02:13:10.410     0.09    9.095    3.214    88.12     9.94    2.302
          8     9.85 00:44:51.982     0.03    9.103    3.373    85.81     9.67    2.426
          9     9.85 02:13:10.410     0.09    9.103    3.777    83.89     9.43    2.742
         10     9.85 00:44:51.982     0.03    9.105    3.871    83.89     9.42    2.815
         11     9.85 02:13:10.410     0.09    9.108    3.892    82.55     9.27    2.832
         12     9.85 02:13:10.410     0.09    9.112    3.897    82.55     9.27    2.835
         13     9.85 00:44:51.982     0.03    9.117    3.898    81.80     9.18    2.835
         14     9.85 02:13:10.410     0.09    9.120    3.897    79.73     8.95    2.835
         15     9.85 02:13:10.410     0.09    9.123    3.897    79.73     8.95    2.834
         16     9.85 00:44:51.982     0.03    9.124    3.898    78.39     8.80    2.834
         17     9.85 00:44:51.982     0.03    9.125    3.898    77.36     8.68    2.834
         18     9.85 00:44:51.982     0.03    9.125    3.898    77.36     8.68    2.834
         19     9.85 02:13:10.410     0.09    9.124    3.760    76.77     8.62    2.727
         20     9.85 00:44:51.982     0.03    9.123    2.524    76.77     8.69    1.759
         21     9.85 02:13:10.410     0.09    9.122    3.540    76.11     8.56    2.555
         22     9.85 03:41:28.838     0.15    9.122    3.816    75.81     8.51    2.771
         23     9.85 00:43:26.446    -0.03    9.122    3.880    75.80     8.51    2.820
         24     9.85 00:44:51.982     0.03    9.121    3.894    75.76     8.50    2.831
         25     9.85 02:13:10.410     0.09    9.121    3.897    75.76     8.50    2.834
         26     9.85 00:43:26.446    -0.03    9.121    3.898    75.47     8.47    2.834
         27     9.85 00:43:26.446    -0.03    9.120    3.898    75.28     8.45    2.834
         28     9.85 00:44:51.982     0.03    9.121    3.899    75.28     8.45    2.835
         29     9.85 00:44:51.982     0.03    9.122    3.899    75.06     8.42    2.836
         30     9.85 00:44:51.982     0.03    9.124    3.899    74.71     8.38    2.835
         31     9.85 02:13:10.410     0.09    9.124    3.898    74.71     8.38    2.835
         32     9.85 02:13:10.410     0.09    9.123    3.898    74.46     8.36    2.835
         33     9.85 00:43:26.446    -0.03    9.122    3.899    74.46     8.36    2.835
         34     9.85 00:43:26.446    -0.03    9.123    3.900    74.37     8.35    2.836
         35     9.85 02:13:10.410     0.09    9.123    3.900    74.42     8.35    2.837
         36     9.85 02:13:10.410     0.09    9.125    3.900    74.42     8.35    2.836
         37     9.85 02:13:10.410     0.09    9.125    3.899    74.36     8.34    2.835
         38     9.85 02:13:10.410     0.09    9.126    3.899    74.36     8.34    2.835
         39     9.85 00:44:51.982     0.03    9.126    2.584    74.18     8.39    1.806
         40     9.85 02:13:10.410     0.09    9.122    0.830    74.18     8.49    0.429
         41     9.85 00:44:51.982     0.03    9.117    0.386    74.18     8.52    0.079
         42     9.85 00:44:51.982     0.03    9.111    0.256    74.33     8.54   -0.022
         43     9.85 02:13:10.410     0.09    9.100    0.201    74.55     8.57   -0.065
         44     9.85 00:43:26.446    -0.03    9.089    0.176    74.55     8.57   -0.084
         45     9.85 02:13:10.410     0.09    9.078    0.173    74.55     8.58   -0.085
         46     9.85 02:13:10.410     0.09    9.069    0.173    74.54     8.58   -0.085
         47     9.85 00:43:26.446    -0.03    9.062    0.165    74.52     8.58   -0.091
         48     9.85 02:13:10.410     0.09    9.061    1.190    75.09     8.59    0.717
         49     9.85 02:13:10.410     0.09    9.085    3.225    75.09     8.47    2.311
         50     9.85 02:13:10.410     0.09    9.107    3.739    75.41     8.47    2.711
         51     9.85 02:13:10.410     0.09    9.118    3.858    75.41     8.47    2.804
         52     9.85 05:09:47.267     0.22    9.124    3.887    75.04     8.42    2.826
         53     9.85 06:38:05.695     0.28    9.126    3.895    74.86     8.40    2.833
         54     9.85 06:38:05.695     0.28    9.128    3.897    74.86     8.40    2.835
         55     9.85 06:38:05.695     0.28    9.128    3.898    74.76     8.39    2.835
         56     9.85 09:34:42.551     0.40    9.128    3.898    74.41     8.35    2.836
         57     9.85 08:06:24.123     0.34    9.128    3.899    74.41     8.35    2.836
         58     9.85 11:03:00.979     0.46    9.128    3.899    74.48     8.36    2.837
         59     9.85 11:03:00.979     0.46    9.128    3.899    74.48     8.36    2.837
         60     9.85 11:03:00.979     0.46    9.128    3.899    74.50     8.36    2.837
         61     9.85 13:59:37.836     0.58    9.127    3.900    74.58     8.37    2.838
         62     9.85 13:59:37.836     0.58    9.127    3.900    74.58     8.37    2.838
         63     9.85 15:27:56.264     0.64    9.127    3.901    74.66     8.38    2.839
         64     9.85 15:27:56.264     0.64    9.127    3.901    74.66     8.38    2.839
         65     9.85 18:24:33.120     0.77    9.127    3.903    74.50     8.36    2.842
         66     9.85 18:24:33.120     0.77    9.127    3.906    74.45     8.36    2.843
         67     9.85 19:52:51.548     0.83    9.127    3.905    74.45     8.36    2.843
         68     9.85 00:17:46.833     1.01    9.128    3.904    73.99     8.30    2.843
         69     9.85 00:17:46.833     1.01    9.128    3.903    73.81     8.28    2.842
         70     9.85 00:17:46.833     1.01    9.128    3.903    73.81     8.28    2.843
         71     9.85 03:14:23.689     1.13    9.128    3.904    73.66     8.27    2.844
         72     9.85 03:14:23.689     1.13    9.127    3.903    73.66     8.27    2.843
         73     9.85 06:11:00.545     1.26    9.127    3.904    73.64     8.26    2.844
         74     9.85 07:39:18.973     1.32    9.127    3.903    73.59     8.26    2.844
         75     9.85 10:35:55.830     1.44    9.128    3.903    73.59     8.26    2.844
         76     9.85 12:04:14.258     1.50    9.128    3.906    73.55     8.25    2.847
         77     9.85 13:32:32.686     1.56    9.128    3.914    73.42     8.24    2.854
         78     9.85 13:32:32.686     1.56    9.130    3.919    73.42     8.24    2.858
         79     9.85 16:29:09.542     1.69    9.129    3.915    73.33     8.23    2.855
         80     9.85 19:25:46.399     1.81    9.130    3.920    73.33     8.23    2.859
         81     9.85 20:54:04.827     1.87    9.130    3.923    73.20     8.21    2.862
         82     9.85 22:22:23.255     1.93    9.131    3.924    73.03     8.19    2.863
         83     9.85 23:50:41.683     1.99    9.132    3.931    73.03     8.19    2.869
         84     9.85 01:19:00.111     2.05    9.134    3.933    72.96     8.18    2.870
         85     9.85 05:43:55.396     2.24    9.135    3.937    72.96     8.18    2.874
         86     9.85 05:43:55.396     2.24    9.137    3.939    72.75     8.16    2.876
         87     9.85 05:43:55.396     2.24    9.137    3.939    72.57     8.14    2.875
         88     9.85 10:08:50.680     2.42    9.137    3.940    72.57     8.14    2.877
         89     9.85 10:08:50.680     2.42    9.138    3.941    72.59     8.14    2.878
         90     9.85 13:05:27.537     2.55    9.138    3.942    72.53     8.14    2.879
         91     9.85 14:33:45.965     2.61    9.139    3.943    72.53     8.14    2.881
         92     9.85 17:30:22.821     2.73    9.139    3.945    72.58     8.14    2.882
         93     9.85 17:30:22.821     2.73    9.139    3.948    72.58     8.14    2.885
         94     9.85 20:26:59.677     2.85    9.140    3.951    72.50     8.13    2.888
         95     9.85 23:23:36.534     2.97    9.141    3.954    72.50     8.13    2.890
         96     9.85 00:51:54.962     3.04    9.142    3.955    72.50     8.13    2.892
         97     9.85 02:20:13.390     3.10    9.142    3.956    72.58     8.14    2.893
         98     9.85 03:48:31.818     3.16    9.143    3.958    72.58     8.14    2.895
         99     9.85 06:45:08.675     3.28    9.144    3.960    72.45     8.12    2.896
        100     9.85 06:45:08.675     3.28    9.145    3.964    72.47     8.13    2.900
        101     9.85 09:41:45.531     3.40    9.153    3.982    72.47     8.12    2.913
        102     9.85 12:38:22.387     3.53    9.168    3.996    72.67     8.14    2.924
        103     9.85 12:38:22.387     3.53    9.182    4.005    72.58     8.13    2.930
        104     9.85 12:38:22.387     3.53    9.194    4.013    72.58     8.13    2.935
        105     9.85 15:34:59.244     3.65    9.206    4.017    72.59     8.12    2.937
        106     9.85 19:59:54.528     3.83    9.215    4.020    72.59     8.12    2.940
        107     9.85 21:28:12.956     3.89    9.223    4.024    72.56     8.12    2.943
        108     9.85 00:24:49.812     4.02    9.230    4.027    72.38     8.10    2.945
        109     9.85 01:53:08.241     4.08    9.236    4.031    72.38     8.09    2.948
        110     9.85 01:53:08.241     4.08    9.241    4.035    72.32     8.09    2.951
        111     9.85 06:18:03.525     4.26    9.246    4.038    72.34     8.09    2.953
        112     9.85 06:18:03.525     4.26    9.250    4.040    72.34     8.09    2.955
        113     9.85 09:14:40.381     4.39    9.252    4.040    72.33     8.09    2.955
        114     9.85 10:42:58.810     4.45    9.253    4.041    72.33     8.09    2.956
        115     9.85 10:42:58.810     4.45    9.255    4.041    72.17     8.07    2.956
        116     9.85 13:39:35.666     4.57    9.255    4.042    72.20     8.07    2.957
        117     9.85 15:07:54.094     4.63    9.256    4.043    72.20     8.07    2.958
        118     9.85 16:36:12.522     4.69    9.258    4.046    72.22     8.07    2.961
        119     9.85 19:32:49.379     4.81    9.260    4.051    72.22     8.07    2.964
        120     9.85 22:29:26.235     4.94    9.264    4.053    72.21     8.07    2.967
        121     9.85 22:29:26.235     4.94    9.267    4.056    72.13     8.06    2.969
        122     9.85 23:57:44.663     5.00    9.270    4.062    72.13     8.06    2.974
        123     9.85 02:54:21.519     5.12    9.278    4.073    72.16     8.06    2.982
        124     9.85 04:22:39.948     5.18    9.285    4.078    72.28     8.07    2.985
        125     9.85 07:19:16.804     5.31    9.290    4.081    72.28     8.07    2.988
        126     9.85 10:15:53.660     5.43    9.294    4.090    72.23     8.06    2.995
        127     9.85 11:44:12.088     5.49    9.306    4.111    72.23     8.06    3.011
        128     9.85 14:40:48.945     5.61    9.324    4.127    72.27     8.06    3.022
        129     9.85 16:09:07.373     5.67    9.340    4.136    72.31     8.06    3.028
        130     9.85 19:05:44.229     5.80    9.354    4.145    72.31     8.06    3.035
        131     9.85 20:34:02.657     5.86    9.364    4.151    72.46     8.07    3.038
        132     9.85 20:34:02.657     5.86    9.371    4.154    72.46     8.07    3.040
        133     9.85 00:58:57.942     6.04    9.378    4.165    72.49     8.07    3.049
        134     9.85 02:27:16.370     6.10    9.389    4.184    72.58     8.08    3.063
        135     9.85 03:55:34.798     6.16    9.414    4.236    72.58     8.07    3.102
        136     9.85 05:23:53.226     6.22    9.458    4.286    72.75     8.08    3.137
        137     9.85 09:48:48.511     6.41    9.498    4.304    72.85     8.08    3.148
        138     9.85 08:20:30.083     6.35    9.524    4.309    72.86     8.08    3.149
        139     9.85 12:45:25.367     6.53    9.539    4.316    73.15     8.11    3.154
        140     9.85 14:13:43.795     6.59    9.550    4.320    73.15     8.11    3.157
        141     9.85 14:13:43.795     6.59    9.558    4.322    73.27     8.12    3.158
        142     9.85 18:38:39.080     6.78    9.562    4.324    73.38     8.13    3.160
        143     9.85 20:06:57.508     6.84    9.566    4.326    73.38     8.13    3.161
        144     9.85 21:35:15.936     6.90    9.570    4.330    73.64     8.15    3.165
        145     9.85 23:03:34.364     6.96    9.576    4.337    73.65     8.16    3.169
        146     9.85 02:00:11.220     7.08    9.583    4.343    73.65     8.15    3.174
        147     9.85 03:28:29.649     7.14    9.590    4.351    73.88     8.18    3.180
        148     9.85 07:53:24.933     7.33    9.598    4.359    73.88     8.17    3.186
        149     9.85 07:53:24.933     7.33    9.607    4.365    73.93     8.18    3.190
        150     9.85 07:53:24.933     7.33    9.613    4.368    74.07     8.19    3.191
        151     9.85 12:18:20.218     7.51    9.616    4.367    74.07     8.19    3.192
        152     9.85 10:50:01.789     7.45    9.617    4.368    73.94     8.18    3.192
        153     9.85 13:46:38.646     7.57    9.620    4.374    73.94     8.18    3.197
        154     9.85 16:43:15.502     7.70    9.623    4.374    74.15     8.20    3.197
        155     9.85 19:39:52.358     7.82    9.633    4.401    74.29     8.21    3.218
        156     9.85 21:08:10.787     7.88    9.654    4.416    74.30     8.21    3.228
        157     9.85 22:36:29.215     7.94    9.671    4.424    74.31     8.21    3.233
        158     9.85 00:04:47.643     8.00    9.683    4.432    74.34     8.21    3.238
        159     9.85 22:36:29.215     7.94    9.695    4.442    74.34     8.20    3.244
        160     9.85 04:29:42.927     8.19    9.707    4.466    74.28     8.19    3.263
        161     9.85 07:26:19.784     8.31    9.749    4.556    74.28     8.18    3.330
        162     9.85 08:54:38.212     8.37    9.816    4.603    74.44     8.18    3.360
        163     9.85 10:22:56.640     8.43    9.866    4.619    74.55     8.18    3.369
        164     9.85 10:22:56.640     8.43    9.894    4.564    74.55     8.18    3.323
        165     9.85 14:47:51.924     8.62    9.910    4.366    72.71     7.99    3.168
        166     9.85 14:47:51.924     8.62    9.918    4.277    72.72     7.99    3.097
        167     9.85 14:47:51.924     8.62    9.923    4.228    60.07     6.60    3.058
        168     9.85 14:47:51.924     8.62    9.927    4.203    52.45     5.76    3.039
        169     9.85 14:47:51.924     8.62    9.931    4.187    52.45     5.76    3.026
        170     9.85 14:47:51.924     8.62    9.934    4.175    48.10     5.29    3.016
        171     9.85 14:47:51.924     8.62    9.937    4.161    44.98     4.94    3.005
        172     9.85 14:47:51.924     8.62    9.938    4.151    44.98     4.94    2.997
        173     9.85 14:47:51.924     8.62    9.939    4.144    42.55     4.68    2.992
        174     9.85 13:19:33.496     8.56    9.940    4.138    42.55     4.68    2.987
        175     9.85 14:47:51.924     8.62    9.941    4.132    40.60     4.46    2.982
        176     9.85 13:19:33.496     8.56    9.941    4.126    38.93     4.28    2.977
        177     9.85 14:47:51.924     8.62    9.942    4.120    38.93     4.28    2.973
        178     9.85 11:51:15.068     8.49    9.943    4.116    37.45     4.12    2.969
        179     9.85 13:19:33.496     8.56    9.943    4.112    37.45     4.12    2.966
        180     9.85 14:47:51.924     8.62    9.943    4.110    36.20     3.98    2.965
        181     9.85 13:19:33.496     8.56    9.943    4.107    34.87     3.83    2.963
        182     9.35 14:47:51.924     8.62    9.944    4.106    34.87     3.83    2.961
        183     9.35 13:19:33.496     8.56    9.945    4.104    33.76     3.71    2.960
        184     9.35 13:19:33.496     8.56    9.945    4.103    32.59     3.58    2.959
        185     9.35 14:47:51.924     8.62    9.946    4.102    32.59     3.58    2.958
        186     9.35 14:47:51.924     8.62    9.946    4.101    31.60     3.47    2.958
        187     9.35 14:47:51.924     8.62    9.946    4.100    31.60     3.47    2.957
        188     9.35 13:19:33.496     8.56    9.946    4.099    30.69     3.37    2.956
        189     9.35 14:47:51.924     8.62    9.947    4.098    29.80     3.28    2.955
        190     9.35 11:51:15.068     8.49    9.947    4.098    29.80     3.28    2.954
        191     9.35 14:47:51.924     8.62    9.948    4.097    29.08     3.20    2.954
        192     9.35 13:19:33.496     8.56    9.949    4.096    28.37     3.12    2.953
        193     9.35 14:47:51.924     8.62    9.949    4.096    28.37     3.12    2.953
        194     9.35 13:19:33.496     8.56    9.949    4.095    27.80     3.06    2.952
        195     9.35 14:47:51.924     8.62    9.950    4.095    27.80     3.06    2.952
        196     9.35 14:47:51.924     8.62    9.950    4.094    27.23     2.99    2.952
        197     9.35 14:47:51.924     8.62    9.950    4.093    26.69     2.93    2.951
        198     9.35 13:19:33.496     8.56    9.951    4.093    26.69     2.93    2.950
        199     9.35 13:19:33.496     8.56    9.952    4.092    26.26     2.89    2.950
        200     9.35 14:47:51.924     8.62    9.952    4.092    26.26     2.89    2.950
        201     9.35 11:51:15.068     8.49    9.952    4.091    25.76     2.83    2.949
        202     9.35 13:19:33.496     8.56    9.952    4.091    25.29     2.78    2.949
        203     9.35 13:19:33.496     8.56    9.953    4.090    25.29     2.78    2.948
        204     9.35 14:47:51.924     8.62    9.953    4.090    24.93     2.74    2.948
        205     9.35 13:19:33.496     8.56    9.954    4.089    24.48     2.69    2.947
        206     9.35 14:47:51.924     8.62    9.955    4.089    24.48     2.69    2.947
        207     9.35 10:22:56.640     8.43    9.954    4.089    24.05     2.64    2.946
        208     9.35 14:47:51.924     8.62    9.955    4.088    24.05     2.64    2.947
        209     9.35 14:47:51.924     8.62    9.955    4.088    23.62     2.60    2.946
        210     9.35 14:47:51.924     8.62    9.956    4.087    23.29     2.56    2.946
        211     9.35 14:47:51.924     8.62    9.956    4.087    23.29     2.56    2.946
        212     9.35 11:51:15.068     8.49    9.957    4.087    22.92     2.52    2.945
        213     9.35 14:47:51.924     8.62    9.957    4.086    22.92     2.52    2.945
        214     9.35 14:47:51.924     8.62    9.958    4.086    22.53     2.48    2.945
        215     9.35 14:47:51.924     8.62    9.958    4.086    22.27     2.45    2.945
        216     9.35 14:47:51.924     8.62    9.958    4.085    22.27     2.45    2.944
        217     9.35 14:47:51.924     8.62    9.959    4.085    21.97     2.41    2.944
        218     9.35 14:47:51.924     8.62    9.959    4.084    21.64     2.38    2.943
        219     9.35 14:47:51.924     8.62    9.960    4.084    21.64     2.38    2.943
        220     9.35 14:47:51.924     8.62    9.961    4.084    21.40     2.35    2.943
        221     9.35 11:51:15.068     8.49    9.961    4.084    21.40     2.35    2.942
        222     9.35 14:47:51.924     8.62    9.961    4.083    21.08     2.32    2.942
        223     9.35 14:47:51.924     8.62    9.962    4.083    20.83     2.29    2.942
        224     9.35 14:47:51.924     8.62    9.962    4.082    20.83     2.29    2.941
        225     9.35 13:19:33.496     8.56    9.963    4.082    20.55     2.26    2.941
        226     9.35 14:47:51.924     8.62    9.963    4.082    20.28     2.23    2.941
        227     9.35 14:47:51.924     8.62    9.964    4.082    20.28     2.23    2.941
        228     9.35 14:47:51.924     8.62    9.964    4.081    20.03     2.20    2.940
        229     9.35 13:19:33.496     8.56    9.964    4.081    20.03     2.20    2.940
        230     9.35 14:47:51.924     8.62    9.965    4.081    19.77     2.17    2.940
        231     9.35 14:47:51.924     8.62    9.965    4.081    19.58     2.15    2.940
        232     9.35 14:47:51.924     8.62    9.966    4.081    19.58     2.15    2.940
        233     9.35 14:47:51.924     8.62    9.966    4.080    19.31     2.12    2.939
        234     9.35 14:47:51.924     8.62    9.967    4.080    19.31     2.12    2.939
        235     9.35 13:19:33.496     8.56    9.967    4.080    19.07     2.10    2.938
        236     9.35 13:19:33.496     8.56    9.967    4.079    18.86     2.07    2.938
        237     9.35 14:47:51.924     8.62    9.967    4.079    18.86     2.07    2.938
        238     9.35 14:47:51.924     8.62    9.968    4.079    18.65     2.05    2.938
        239     9.35 13:19:33.496     8.56    9.968    4.079    18.42     2.02    2.938
        240     9.35 14:47:51.924     8.62    9.969    4.078    18.42     2.02    2.938
        241     9.35 13:19:33.496     8.56    9.969    4.078    18.20     2.00    2.937
        242     9.35 14:47:51.924     8.62    9.970    4.078    18.20     2.00    2.937
        243     9.35 14:47:51.924     8.62    9.970    4.078    18.06     1.98    2.937
        244     9.35 13:19:33.496     8.56    9.970    4.078    17.76     1.95    2.937
        245     9.35 14:47:51.924     8.62    9.971    4.079    17.76     1.95    2.938
        246     9.35 14:47:51.924     8.62    9.972    4.078    17.57     1.93    2.937
        247     9.35 14:47:51.924     8.62    9.973    4.078    17.30     1.90    2.937
        248     9.35 14:47:51.924     8.62    9.973    4.077    17.30     1.90    2.936
        249     9.35 13:19:33.496     8.56    9.974    4.077    17.12     1.88    2.936
        250     9.35 14:47:51.924     8.62    9.974    4.077    17.12     1.88    2.936
        251     9.35 14:47:51.924     8.62    9.975    4.076    16.95     1.86    2.935
        252     9.35 14:47:51.924     8.62    9.975    4.077    16.79     1.84    2.936
        253     9.35 14:47:51.924     8.62    9.976    4.086    16.79     1.84    2.943
        254     9.35 11:51:15.068     8.49    9.976    4.102    16.92     1.86    2.955
        255     9.35 11:51:15.068     8.49    9.976    4.117    16.92     1.86    2.966
        256     9.35 14:47:51.924     8.62    9.977    4.115    17.48     1.92    2.965
        257     9.35 13:19:33.496     8.56    9.978    4.099    16.18     1.78    2.952
        258     9.35 13:19:33.496     8.56    9.982    4.082    16.18     1.78    2.939
        259     9.35 14:47:51.924     8.62    9.987    4.077    17.03     1.87    2.934
        260     9.35 13:19:33.496     8.56    9.989    4.141    17.14     1.88    2.984
        261     9.35 10:22:56.640     8.43    9.987    4.258    17.14     1.88    3.075
        262     9.35 10:22:56.640     8.43    9.981    4.304    14.57     1.60    3.112
        263     9.35 10:22:56.640     8.43    9.972    4.317    14.57     1.60    3.122
        264     9.35 07:26:19.784     8.31    9.965    4.319    25.24     2.77    3.124
        265     9.35 07:26:19.784     8.31    9.960    4.318    32.55     3.57    3.124
        266     9.35 07:26:19.784     8.31    9.957    4.318    32.55     3.57    3.124
        267     9.35 10:22:56.640     8.43    9.956    4.318    39.04     4.29    3.125
        268     9.35 07:26:19.784     8.31    9.954    4.326    43.35     4.76    3.131
        269     9.35 07:26:19.784     8.31    9.937    4.448    43.35     4.76    3.227
        270     9.35 04:29:42.927     8.19    9.912    4.448    39.83     4.37    3.230
        271     9.35 03:01:24.499     8.13    9.881    4.423    39.83     4.38    3.213
        272     9.35 03:01:24.499     8.13    9.850    4.416    41.28     4.54    3.210
        273     9.35 22:36:29.215     7.94    9.812    4.420    45.68     5.03    3.216
        274     9.35 22:36:29.215     7.94    9.772    4.431    45.68     5.03    3.229
        275     9.35 00:04:47.643     8.00    9.744    4.431    49.89     5.50    3.232
        276     9.35 22:36:29.215     7.94    9.728    4.422    49.89     5.50    3.226
        277     9.35 19:39:52.358     7.82    9.726    4.415    53.21     5.87    3.220
        278     9.35 18:11:33.930     7.76    9.710    4.407    55.95     6.17    3.215
        279     9.35 16:43:15.502     7.70    9.689    4.399    55.95     6.18    3.211
        280     9.35 13:46:38.646     7.57    9.671    4.403    59.85     6.61    3.215
        281     9.35 16:43:15.502     7.70    9.658    4.403    62.63     6.92    3.216
        282     9.35 16:43:15.502     7.70    9.650    4.397    62.63     6.92    3.213
        283     9.35 15:14:57.074     7.64    9.647    4.394    64.47     7.12    3.210
        284     9.35 16:43:15.502     7.70    9.649    4.393    64.47     7.12    3.209
        285     9.35 12:18:20.218     7.51    9.650    4.381    66.04     7.30    3.199
        286     9.35 07:53:24.933     7.33    9.646    4.373    67.80     7.49    3.193
        287     9.35 06:25:06.505     7.27    9.639    4.371    67.80     7.49    3.192
        288     9.35 06:25:06.505     7.27    9.632    4.371    69.36     7.67    3.192
        289     9.35 06:25:06.505     7.27    9.628    4.373    69.36     7.67    3.194
        290     9.35 04:56:48.077     7.21    9.626    4.374    70.47     7.79    3.195
        291     9.35 06:25:06.505     7.27    9.624    4.373    71.17     7.87    3.194
        292     9.35 06:25:06.505     7.27    9.624    4.373    71.17     7.87    3.194
        293     9.35 03:28:29.649     7.14    9.624    4.372    71.68     7.93    3.193
        294     9.35 02:00:11.220     7.08    9.624    4.362    72.25     7.99    3.185
        295     9.35 00:31:52.792     7.02    9.622    4.346    72.25     7.99    3.172
        296     9.35 21:35:15.936     6.90    9.613    4.331    72.61     8.03    3.161
        297     9.35 21:35:15.936     6.90    9.604    4.327    72.61     8.04    3.158
        298     9.35 20:06:57.508     6.84    9.595    4.326    72.95     8.07    3.159
        299     9.35 18:38:39.080     6.78    9.590    4.327    73.17     8.10    3.159
        300     9.35 20:06:57.508     6.84    9.587    4.328    73.17     8.10    3.161
        301     9.35 17:10:20.652     6.72    9.586    4.331    73.30     8.11    3.163
        302     9.35 14:13:43.795     6.59    9.583    4.321    73.38     8.12    3.154
        303     9.35 11:17:06.939     6.47    9.577    4.313    73.38     8.13    3.149
        304     9.35 09:48:48.511     6.41    9.568    4.312    73.59     8.15    3.148
        305     9.35 11:17:06.939     6.47    9.562    4.315    73.59     8.15    3.151
        306     9.35 09:48:48.511     6.41    9.559    4.316    73.62     8.16    3.152
        307     9.35 11:17:06.939     6.47    9.557    4.316    73.71     8.17    3.152
        308     9.35 11:17:06.939     6.47    9.557    4.317    73.71     8.17    3.153
        309     9.35 09:48:48.511     6.41    9.556    4.318    73.74     8.17    3.153
        310     9.35 06:52:11.654     6.29    9.556    4.304    73.74     8.17    3.142
        311     9.35 00:58:57.942     6.04    9.543    4.227    73.97     8.20    3.083
        312     9.35 00:58:57.942     6.04    9.515    4.186    73.76     8.19    3.053
        313     9.35 00:58:57.942     6.04    9.478    4.185    73.76     8.19    3.055
        314     9.35 02:27:16.370     6.10    9.457    4.195    73.61     8.18    3.066
        315     9.35 02:27:16.370     6.10    9.446    4.204    73.58     8.18    3.073
        316     9.35 03:55:34.798     6.16    9.443    4.209    73.58     8.18    3.078
        317     9.35 00:58:57.942     6.04    9.444    4.205    73.33     8.15    3.074
        318     9.35 20:34:02.657     5.86    9.441    4.173    73.33     8.15    3.049
        319     9.35 16:09:07.373     5.67    9.426    4.157    73.38     8.16    3.037
        320     9.35 19:05:44.229     5.80    9.408    4.150    73.26     8.15    3.033
        321     9.35 16:09:07.373     5.67    9.396    4.148    73.26     8.16    3.033
        322     9.35 17:37:25.801     5.73    9.390    4.154    73.18     8.15    3.038
        323     9.35 19:05:44.229     5.80    9.385    4.156    73.18     8.15    3.041
        324     9.35 20:34:02.657     5.86    9.384    4.158    73.11     8.14    3.042
        325     9.35 19:05:44.229     5.80    9.383    4.156    72.97     8.13    3.040
        326     9.35 14:40:48.945     5.61    9.382    4.146    72.97     8.13    3.032
        327     9.35 10:15:53.660     5.43    9.378    4.131    73.00     8.13    3.020
        328     9.35 08:47:35.232     5.37    9.369    4.116    72.83     8.12    3.009
        329     9.35 07:19:16.804     5.31    9.357    4.107    72.83     8.12    3.002
        330     9.35 07:19:16.804     5.31    9.347    4.107    72.89     8.13    3.003
        331     9.35 10:15:53.660     5.43    9.341    4.115    72.89     8.13    3.011
        332     9.35 07:19:16.804     5.31    9.339    4.117    72.80     8.12    3.012
        333     9.35 07:19:16.804     5.31    9.336    4.108    72.72     8.11    3.005
        334     9.35 04:22:39.948     5.18    9.331    4.089    72.72     8.11    2.990
        335     9.35 23:57:44.663     5.00    9.319    4.078    72.69     8.11    2.982
        336     9.35 21:01:07.807     4.88    9.307    4.067    72.58     8.10    2.973
        337     9.35 23:57:44.663     5.00    9.299    4.063    72.58     8.10    2.971
        338     9.35 22:29:26.235     4.94    9.294    4.065    72.58     8.10    2.974
        339     9.35 01:26:03.091     5.06    9.291    4.068    72.58     8.10    2.976
        340     9.35 01:26:03.091     5.06    9.291    4.069    72.58     8.10    2.977
        341     9.35 21:01:07.807     4.88    9.289    4.060    72.41     8.09    2.970
        342     9.35 16:36:12.522     4.69    9.283    4.049    72.41     8.09    2.960
        343     9.35 13:39:35.666     4.57    9.275    4.044    72.34     8.08    2.957
        344     9.35 12:11:17.238     4.51    9.268    4.042    72.34     8.08    2.956
        345     9.35 12:11:17.238     4.51    9.264    4.043    72.24     8.07    2.956
        346     9.35 13:39:35.666     4.57    9.260    4.043    72.19     8.07    2.957
        347     9.35 15:07:54.094     4.63    9.258    4.043    72.19     8.07    2.958
        348     9.35 15:07:54.094     4.63    9.257    4.043    72.20     8.07    2.958
        349     9.35 13:39:35.666     4.57    9.257    4.043    72.32     8.08    2.958
        350     9.35 10:42:58.810     4.45    9.257    4.043    72.32     8.08    2.957
        351     9.35 06:18:03.525     4.26    9.257    4.040    72.10     8.06    2.954
        352     9.35 06:18:03.525     4.26    9.256    4.037    72.10     8.06    2.952
        353     9.35 04:49:45.097     4.20    9.254    4.035    72.11     8.06    2.950
        354     9.35 06:18:03.525     4.26    9.252    4.035    72.13     8.06    2.951
        355     9.35 06:18:03.525     4.26    9.251    4.036    72.13     8.06    2.951
        356     9.35 07:46:21.953     4.32    9.250    4.036    72.17     8.07    2.951
        357     9.35 06:18:03.525     4.26    9.250    4.036    72.17     8.07    2.952
        358     9.35 03:21:26.669     4.14    9.249    4.036    72.09     8.06    2.951
        359     9.35 00:24:49.812     4.02    9.248    4.024    72.03     8.05    2.941
        360     9.35 21:28:12.956     3.89    9.244    4.015    72.03     8.06    2.934
        361     9.35 18:31:36.100     3.77    9.234    4.010    71.99     8.05    2.930
        362     9.35 19:59:54.528     3.83    9.226    4.007    71.96     8.05    2.929
        363     9.35 19:59:54.528     3.83    9.222    4.008    71.96     8.05    2.930
        364     9.35 21:28:12.956     3.89    9.218    4.008    71.99     8.06    2.930
        365     9.35 18:31:36.100     3.77    9.215    4.007    71.99     8.06    2.929
        366     9.35 17:03:17.672     3.71    9.213    4.005    71.99     8.06    2.928
        367     9.35 12:38:22.387     3.53    9.211    3.997    72.16     8.08    2.921
        368     9.35 11:10:03.959     3.47    9.204    3.978    72.16     8.08    2.906
        369     9.35 09:41:45.531     3.40    9.189    3.969    72.00     8.06    2.900
        370     9.35 08:13:27.103     3.34    9.176    3.967    72.06     8.07    2.900
        371     9.35 09:41:45.531     3.40    9.168    3.968    72.06     8.07    2.901
        372     9.35 09:41:45.531     3.40    9.163    3.975    72.41     8.11    2.907
        373     9.35 12:38:22.387     3.53    9.163    3.977    72.41     8.11    2.909
        374     9.35 12:38:22.387     3.53    9.165    3.974    72.30     8.10    2.907
        375     9.35 08:13:27.103     3.34    9.163    3.970    72.22     8.09    2.903
        376     9.35 03:48:31.818     3.16    9.160    3.965    72.22     8.10    2.899
        377     9.35 02:20:13.390     3.10    9.157    3.964    72.29     8.10    2.898
        378     9.35 23:23:36.534     2.97    9.154    3.963    72.29     8.10    2.897
        379     9.35 23:23:36.534     2.97    9.153    3.962    72.26     8.10    2.896
        380     9.35 02:20:13.390     3.10    9.152    3.962    72.34     8.11    2.897
        381     9.35 02:20:13.390     3.10    9.151    3.962    72.34     8.11    2.897
        382     9.35 00:51:54.962     3.04    9.151    3.963    72.34     8.11    2.897
        383     9.35 02:20:13.390     3.10    9.151    3.962    72.24     8.10    2.897
        384     9.35 20:26:59.677     2.85    9.151    3.960    72.24     8.10    2.894
        385     9.35 17:30:22.821     2.73    9.150    3.957    72.41     8.12    2.891
        386     9.35 14:33:45.965     2.61    9.149    3.952    72.40     8.12    2.887
        387     9.35 14:33:45.965     2.61    9.148    3.952    72.38     8.12    2.887
        388     9.35 14:33:45.965     2.61    9.147    3.952    72.28     8.10    2.887
        389     9.35 18:58:41.249     2.79    9.146    3.951    72.28     8.10    2.887
        390     9.35 16:02:04.393     2.67    9.145    3.951    72.23     8.10    2.887
        391     9.35 14:33:45.965     2.61    9.145    3.953    72.23     8.10    2.887
        392     9.35 10:08:50.680     2.42    9.145    3.950    72.25     8.10    2.885
        393     9.35 08:40:32.252     2.36    9.144    3.948    72.21     8.10    2.883
        394     9.35 07:12:13.824     2.30    9.144    3.944    72.21     8.10    2.879
        395     9.35 08:40:32.252     2.36    9.144    3.943    72.28     8.11    2.879
        396     9.35 07:12:13.824     2.30    9.143    3.944    72.39     8.12    2.879
        397     9.35 08:40:32.252     2.36    9.143    3.946    72.39     8.12    2.882
        398     9.35 10:08:50.680     2.42    9.143    3.945    72.29     8.11    2.881
        399     9.35 07:12:13.824     2.30    9.143    3.944    72.29     8.11    2.879
        400     9.35 02:47:18.540     2.12    9.142    3.941    72.25     8.10    2.876
        401     9.35 23:50:41.683     1.99    9.141    3.934    72.26     8.10    2.871
        402     9.35 20:54:04.827     1.87    9.139    3.930    72.25     8.10    2.867
        403     9.35 19:25:46.399     1.81    9.138    3.929    72.10     8.09    2.865
        404     9.35 20:54:04.827     1.87    9.137    3.929    72.19     8.10    2.866
        405     9.35 23:50:41.683     1.99    9.136    3.930    72.19     8.10    2.868
        406     9.35 23:50:41.683     1.99    9.136    3.931    72.20     8.10    2.868
        407     9.35 20:54:04.827     1.87    9.136    3.930    72.20     8.10    2.867
        408     9.35 16:29:09.542     1.69    9.136    3.930    72.28     8.11    2.866
        409     9.35 12:04:14.258     1.50    9.135    3.923    72.03     8.08    2.860
        410     9.35 12:04:14.258     1.50    9.134    3.913    72.03     8.08    2.852
        411     9.35 10:35:55.830     1.44    9.133    3.911    72.25     8.11    2.851
        412     9.35 12:04:14.258     1.50    9.132    3.912    72.25     8.11    2.852
        413     9.35 12:04:14.258     1.50    9.131    3.916    72.15     8.10    2.855
        414     9.35 15:00:51.114     1.63    9.131    3.917    72.22     8.10    2.856
        415     9.35 09:07:37.402     1.38    9.132    3.918    72.22     8.10    2.856
        416     9.35 07:39:18.973     1.32    9.132    3.909    72.19     8.10    2.848
        417     9.35 03:14:23.689     1.13    9.131    3.903    72.33     8.12    2.843
        418     9.35 00:17:46.833     1.01    9.129    3.901    72.32     8.12    2.841
        419     9.35 01:46:05.261     1.07    9.129    3.900    72.47     8.13    2.841
        420     9.35 00:17:46.833     1.01    9.128    3.900    72.47     8.13    2.840
        421     9.35 03:14:23.689     1.13    9.128    3.901    72.64     8.15    2.841
        422     9.35 03:14:23.689     1.13    9.128    3.901    72.79     8.17    2.842
        423     9.35 06:11:00.545     1.26    9.129    3.903    72.79     8.17    2.844
        424     9.35 03:14:23.689     1.13    9.129    3.904    72.83     8.17    2.844
        425     9.35 01:46:05.261     1.07    9.129    3.905    72.83     8.17    2.845
        426     9.35 22:49:28.404     0.95    9.129    3.904    72.79     8.17    2.843
        427     9.35 16:56:14.692     0.71    9.128    3.902    72.83     8.17    2.840
        428     9.35 16:56:14.692     0.71    9.128    3.902    72.83     8.17    2.840
        429     9.35 15:27:56.264     0.64    9.128    3.902    72.91     8.18    2.840
        430     9.35 18:24:33.120     0.77    9.128    3.902    72.99     8.19    2.841
        431     9.35 19:52:51.548     0.83    9.128    3.903    72.99     8.19    2.841
        432     9.35 16:56:14.692     0.71    9.128    3.902    72.95     8.19    2.840
        433     9.35 13:59:37.836     0.58    9.128    3.902    72.95     8.19    2.840
        434     9.35 11:03:00.979     0.46    9.128    3.901    73.04     8.20    2.838
        435     9.35 11:03:00.979     0.46    9.127    3.900    73.10     8.20    2.838
        436     9.35 11:03:00.979     0.46    9.127    3.900    73.10     8.20    2.838
        437     9.35 12:31:19.407     0.52    9.128    3.901    73.05     8.20    2.839
        438     9.35 15:27:56.264     0.64    9.128    3.902    73.34     8.23    2.840
        439     9.35 15:27:56.264     0.64    9.128    3.902    73.34     8.23    2.840
        440     9.35 12:31:19.407     0.52    9.128    3.903    73.24     8.22    2.840
        441     9.35 11:03:00.979     0.46    9.128    3.903    73.24     8.22    2.840
        442     9.35 11:03:00.979     0.46    9.128    3.903    73.24     8.22    2.840
        443     9.35 05:09:47.267     0.22    9.128    3.900    73.12     8.21    2.837
        444     9.35 03:41:28.838     0.15    9.128    3.900    73.10     8.20    2.836
        445     9.35 05:09:47.267     0.22    9.128    3.900    73.10     8.20    2.837
        446     9.35 05:09:47.267     0.22    9.128    3.900    73.21     8.22    2.837
        447     9.35 06:38:05.695     0.28    9.127    3.901    73.15     8.21    2.837
        448     9.35 06:38:05.695     0.28    9.127    3.901    73.15     8.21    2.838
        449     9.35 03:41:28.838     0.15    9.128    3.900    73.21     8.22    2.836
        450     9.35 02:13:10.410     0.09    9.128    3.900    73.29     8.22    2.836
        451     9.35 00:43:26.446    -0.03    9.127    3.877    73.29     8.23    2.818
        452     9.35 00:44:51.982     0.03    9.127    2.667    73.35     8.30    1.870
        453     9.35 00:43:26.446    -0.03    9.125    1.093    73.35     8.38    0.635
        454     9.35 00:44:51.982     0.03    9.125    0.620    73.25     8.39    0.264
        455     9.35 00:44:51.982     0.03    9.121    0.429    73.57     8.44    0.113
        456     9.35 00:44:51.982     0.03    9.113    0.323    73.57     8.45    0.030
        457     9.35 00:44:51.982     0.03    9.106    0.281    73.95     8.50   -0.002
        458     9.35 00:43:26.446    -0.03    9.095    0.221    73.95     8.50   -0.049
        459     9.35 00:44:51.982     0.03    9.069    0.201    74.13     8.53   -0.063
        460     9.35 00:43:26.446    -0.03    9.050    0.190    74.50     8.58   -0.070
        461     9.35 02:13:10.410     0.09    9.042    0.191    74.50     8.58   -0.069
        462     9.35 02:13:10.410     0.09    9.038    0.221    74.70     8.60   -0.044
        463     9.35 00:43:26.446    -0.03    9.031    0.209    75.12     8.65   -0.054
        464     9.35 00:44:51.982     0.03    9.024    0.204    75.12     8.65   -0.057
        465     9.35 02:11:44.874    -0.09    9.018    0.201    75.91     8.75   -0.060
        466     9.35 00:44:51.982     0.03    9.010    0.191    75.91     8.75   -0.066
        467     9.35 00:44:51.982     0.03    8.999    0.177    76.98     8.87   -0.077
        468     9.35 00:43:26.446    -0.03    8.987    0.162    78.25     9.02   -0.088
        469     9.35 00:43:26.446    -0.03    8.977    0.143    78.25     9.03   -0.102
        470     9.35 00:43:26.446    -0.03    8.970    0.133    79.27     9.15   -0.109
        471     9.35 00:43:26.446    -0.03    8.966    0.137    79.27     9.15   -0.106
        472     9.35 00:43:26.446    -0.03    8.961    0.128    80.21     9.26   -0.113
        473     9.35 00:43:26.446    -0.03    8.944    0.117    81.31     9.39   -0.120
        474     9.35 00:44:51.982     0.03    8.924    0.109    81.30     9.39   -0.125
        475     9.35 00:43:26.446    -0.03    8.909    0.108    81.96     9.47   -0.125
        476     9.35 00:43:26.446    -0.03    8.890    0.106    82.70     9.56   -0.125
        477     9.35 02:11:44.874    -0.09    8.868    0.097    82.70     9.57   -0.131
        478     9.35 00:43:26.446    -0.03    8.851    0.090    83.19     9.63   -0.134
        479     9.35 00:43:26.446    -0.03    8.833    0.094    83.19     9.63   -0.130
        480     9.35 00:43:26.446    -0.03    8.815    0.110    83.86     9.71   -0.116
        481     9.35 00:44:51.982     0.03    8.803    0.111    84.73     9.82   -0.114
        482     9.35 00:43:26.446    -0.03    8.793    0.107    84.73     9.82   -0.117
        483     9.35 02:11:44.874    -0.09    8.784    0.103    86.01     9.97   -0.120
        484     9.35 02:11:44.874    -0.09    8.767    0.101    86.01     9.98   -0.120
        485     9.35 02:11:44.874    -0.09    8.748    0.088    87.14    10.11   -0.129
        486     9.35 02:11:44.874    -0.09    8.725    0.080    88.71    10.30   -0.134
        487     9.35 00:44:51.982     0.03    8.703    0.074    88.71    10.31   -0.136
        488     9.35 02:11:44.874    -0.09    8.684    0.066    90.46    10.51   -0.142
        489     9.35 00:44:51.982     0.03    8.666    0.059    90.46    10.52   -0.146
        490     9.35 00:43:26.446    -0.03    8.641    0.054    90.95    10.58   -0.148
        491     9.35 02:11:44.874    -0.09    8.613    0.050    91.77    10.69   -0.150
        492     9.35 00:44:51.982     0.03    8.589    0.047    91.77    10.69   -0.150
        493     9.35 00:43:26.446    -0.03    8.563    0.044    92.55    10.79   -0.151
        494     9.35 02:11:44.874    -0.09    8.538    0.043    93.93    10.96   -0.150
        495     9.35 00:43:26.446    -0.03    8.513    0.041    93.92    10.96   -0.150
        496     9.35 00:44:51.982     0.03    8.487    0.040    95.64    11.17   -0.149
        497     9.35 00:44:51.982     0.03    8.464    0.039    95.64    11.18   -0.148
        498     9.35 00:44:51.982     0.03    8.447    0.038    97.22    11.37   -0.147
        499     9.35 02:13:10.410     0.09    8.431    0.038    98.81    11.56   -0.146
        500     9.35 02:11:44.874    -0.09    8.413    0.037    98.81    11.56   -0.146
        501     9.35 00:44:51.982     0.03    8.379    0.036    99.85    11.69   -0.144
        502     9.35 00:44:51.982     0.03    8.346    0.036    99.84    11.70   -0.142
        503     9.35 00:43:26.446    -0.03    8.317    0.035   100.88    11.83   -0.142
        504     9.35 00:44:51.982     0.03    8.293    0.037   101.69    11.93   -0.138
        505     9.35 02:13:10.410     0.09    8.272    0.037   101.69    11.94   -0.136
        506     9.35 00:43:26.446    -0.03    8.252    0.036   102.22    12.01   -0.137
        507     9.35 00:43:26.446    -0.03    8.230    0.034   102.36    12.03   -0.136
        508     9.35 00:43:26.446    -0.03    8.207    0.033   102.36    12.04   -0.136
        509     9.35 00:44:51.982     0.03    8.184    0.031   102.78    12.09   -0.135
        510     9.35 00:43:26.446    -0.03    8.149    0.032   102.78    12.10   -0.133
        511     9.35 02:11:44.874    -0.09    8.095    0.031   103.08    12.16   -0.131
        512     9.35 02:11:44.874    -0.09    8.046    0.032   103.44    12.21   -0.127
        513     9.35 00:43:26.446    -0.03    8.007    0.032   103.44    12.23   -0.124
        514     9.35 00:44:51.982     0.03    7.975    0.032   103.56    12.25   -0.122
        515     9.35 00:43:26.446    -0.03    7.942    0.032   103.56    12.26   -0.120
        516     9.35 02:11:44.874    -0.09    7.915    0.032   103.72    12.29   -0.119
        517     9.35 00:44:51.982     0.03    7.902    0.032   104.30    12.36   -0.118
        518     9.35 00:44:51.982     0.03    7.887    0.032   104.30    12.36   -0.117
        519     9.35 02:11:44.874    -0.09    7.867    0.032   104.38    12.38   -0.116
        520     9.35 02:13:10.410     0.09    7.858    0.032   104.38    12.38   -0.114
        521     9.35 00:43:26.446    -0.03    7.852    0.033   104.25    12.37   -0.115
        522     9.35 00:44:51.982     0.03    7.851    0.032   104.61    12.41   -0.114
        523     9.35 00:44:51.982     0.03    7.850    0.032   104.61    12.41   -0.115
        524     9.35 00:43:26.446    -0.03    7.847    0.031   104.94    12.45   -0.115
        525     9.35 00:43:26.446    -0.03    7.842    0.028   104.78    12.43   -0.118
        526     9.35 02:11:44.874    -0.09    7.840    0.020   104.78    12.44   -0.125
        527     9.35 02:13:10.410     0.09    7.839    0.017   104.90    12.45   -0.126
        528     9.35 00:44:51.982     0.03    7.836    0.016   104.90    12.45   -0.127
        529     9.35 00:43:26.446    -0.03    7.830    0.015   104.96    12.46   -0.127
        530     9.35 02:11:44.874    -0.09    7.826    0.015   105.07    12.47   -0.127
        531     9.35 00:44:51.982     0.03    7.823    0.015   105.07    12.48   -0.126
        532     9.35 00:44:51.982     0.03    7.820    0.016   105.10    12.48   -0.126
        533     9.35 00:44:51.982     0.03    7.267    0.005   105.67    12.72   -0.104
        534     9.35 00:43:26.446    -0.03    7.250    0.006   105.81    12.74   -0.103
        535     9.35 00:44:51.982     0.03    7.237    0.005   105.66    12.73   -0.103
        536     9.35 02:13:10.410     0.09    7.224    0.005   105.66    12.73   -0.102
        537     9.35 02:13:10.410     0.09    7.211    0.005   105.77    12.75   -0.101
        538     9.35 00:43:26.446    -0.03    7.198    0.005   105.77    12.75   -0.101
        539     9.35 00:43:26.446    -0.03    7.186    0.005   105.88    12.77   -0.101
        540     9.35 00:44:51.982     0.03    7.178    0.005   106.01    12.79   -0.100
        541     9.35 00:43:26.446    -0.03    7.173    0.004   106.01    12.79   -0.101
        542     9.35 02:13:10.410     0.09    7.166    0.005   105.77    12.76   -0.100
        543     9.35 02:13:10.410     0.09    7.156    0.005   105.77    12.77   -0.099
        544     9.35 00:43:26.446    -0.03    7.145    0.005   105.74    12.77   -0.099
        545     9.35 00:44:51.982     0.03    7.136    0.005   105.66    12.76   -0.098
        546     9.35 00:44:51.982     0.03    7.129    0.005   105.66    12.76   -0.098
        547     9.35 02:13:10.410     0.09    7.128    0.004   105.78    12.78   -0.098
        548     9.35 00:44:51.982     0.03    7.129    0.004   105.78    12.78   -0.098
